Dia;Temperatura Mínima (C);Temperatura Média (C);Temperatura Máxima (C)
01/01/2024;21.40;24.48;27.60
01/02/2024;21.00;23.40;26.70
01/03/2024;22.20;25.96;31.20
01/04/2024;22.40;26.22;30.50
01/05/2024;21.00;25.83;31.70
01/06/2024;19.40;23.42;29.30
01/07/2024;16.00;23.04;31.50
01/08/2024;19.30;24.62;30.60
01/09/2024;18.90;26.88;34.00
01/10/2024;21.70;28.61;35.90
01/11/2024;20.00;23.07;27.50
01/12/2024;21.40;24.91;30.80
02/01/2024;20.70;24.06;28.40
02/02/2024;20.60;23.06;28.20
02/03/2024;21.90;25.83;32.20
02/04/2024;22.60;25.88;30.70
02/05/2024;20.70;25.87;32.50
02/06/2024;17.90;22.56;29.10
02/07/2024;19.00;24.07;31.20
02/08/2024;19.50;23.93;29.90
02/09/2024;19.70;27.25;34.60
02/10/2024;21.40;29.83;37.10
02/11/2024;21.40;24.34;28.80
02/12/2024;21.10;24.80;31.10
03/01/2024;22.40;23.22;25.10
03/02/2024;20.60;23.96;30.00
03/03/2024;21.20;24.25;31.00
03/04/2024;22.30;25.06;29.90
03/05/2024;20.70;26.21;32.70
03/06/2024;19.50;23.22;30.00
03/07/2024;18.90;23.50;30.40
03/08/2024;17.00;22.90;29.60
03/09/2024;19.20;27.22;35.20
03/10/2024;20.20;30.41;38.00
03/11/2024;21.80;24.07;29.70
03/12/2024;21.50;25.19;31.30
04/01/2024;21.70;23.23;26.00
04/02/2024;20.90;25.24;30.90
04/03/2024;20.50;23.04;27.70
04/04/2024;21.30;24.76;31.90
04/05/2024;22.20;26.41;32.50
04/06/2024;17.50;22.94;29.90
04/07/2024;17.70;23.31;30.00
04/08/2024;16.90;22.86;29.90
04/09/2024;19.00;27.54;36.00
04/10/2024;24.20;32.25;39.50
04/11/2024;22.80;26.05;31.70
04/12/2024;21.00;24.46;29.10
05/01/2024;21.50;22.82;25.30
05/02/2024;20.80;23.80;30.70
05/03/2024;22.00;24.90;29.20
05/04/2024;22.20;24.85;30.50
05/05/2024;19.30;24.78;31.20
05/06/2024;17.70;23.22;30.10
05/07/2024;18.00;23.47;30.30
05/08/2024;17.60;23.43;30.10
05/09/2024;19.20;27.69;36.70
05/10/2024;24.00;31.88;38.70
05/11/2024;20.20;21.76;23.60
05/12/2024;20.50;24.60;29.80
06/01/2024;21.20;24.14;29.40
06/02/2024;20.50;24.32;30.80
06/03/2024;21.60;25.31;29.80
06/04/2024;21.50;24.59;32.30
06/05/2024;20.50;25.03;30.20
06/06/2024;17.80;23.25;29.50
06/07/2024;19.40;23.93;30.90
06/08/2024;17.00;23.53;30.70
06/09/2024;21.30;28.34;36.20
06/10/2024;22.20;31.02;38.30
06/11/2024;21.60;24.28;28.60
06/12/2024;21.20;27.19;33.00
07/01/2024;20.40;25.12;30.80
07/02/2024;21.20;24.61;29.40
07/03/2024;22.40;25.36;29.90
07/04/2024;22.00;24.09;27.70
07/05/2024;20.20;25.28;30.60
07/06/2024;18.80;23.44;30.50
07/07/2024;18.00;23.70;31.80
07/08/2024;17.70;24.32;30.50
07/09/2024;21.50;28.18;36.00
07/10/2024;20.80;27.69;35.20
07/11/2024;21.20;23.21;27.30
07/12/2024;21.00;27.72;33.60
08/01/2024;20.90;23.53;27.30
08/02/2024;21.90;24.96;28.50
08/03/2024;21.80;26.36;32.40
08/04/2024;22.60;25.70;30.10
08/05/2024;19.00;24.43;30.90
08/06/2024;18.50;23.65;30.50
08/07/2024;15.80;23.31;31.70
08/08/2024;16.40;23.51;31.40
08/09/2024;20.10;26.87;34.50
08/10/2024;24.80;28.00;32.40
08/11/2024;20.40;21.75;23.40
08/12/2024;20.50;25.16;33.10
09/01/2024;21.00;23.65;28.90
09/02/2024;20.90;25.40;31.30
09/03/2024;22.50;26.71;31.80
09/04/2024;21.40;26.13;31.60
09/05/2024;19.60;24.83;31.50
09/06/2024;18.50;23.56;30.70
09/07/2024;15.40;23.62;32.30
09/08/2024;18.00;24.51;32.40
09/09/2024;18.80;26.28;34.30
09/10/2024;23.00;28.91;34.90
09/11/2024;20.50;21.84;24.30
09/12/2024;20.40;25.21;32.90
10/01/2024;20.00;22.73;26.20
10/02/2024;20.40;22.97;28.10
10/03/2024;22.40;25.19;29.90
10/04/2024;21.60;25.33;30.70
10/05/2024;16.50;23.99;30.30
10/06/2024;16.60;22.93;30.60
10/07/2024;16.10;23.93;32.50
10/08/2024;18.20;23.12;28.60
10/09/2024;20.20;26.67;33.20
10/10/2024;23.10;26.33;32.10
10/11/2024;20.40;25.05;31.60
10/12/2024;21.10;25.35;30.20
11/01/2024;20.90;24.97;30.90
11/02/2024;20.60;22.31;24.70
11/03/2024;21.60;26.57;32.80
11/04/2024;21.50;24.00;28.80
11/05/2024;15.50;23.42;31.00
11/06/2024;18.60;24.09;31.40
11/07/2024;17.30;24.51;32.30
11/08/2024;16.40;23.10;32.40
11/09/2024;19.80;27.07;34.00
11/10/2024;21.90;26.66;33.70
11/11/2024;20.50;24.96;29.50
11/12/2024;20.70;25.69;31.20
12/01/2024;21.70;26.91;32.80
12/02/2024;20.50;25.32;30.90
12/03/2024;23.00;27.45;34.40
12/04/2024;21.50;24.42;28.90
12/05/2024;17.00;24.26;32.70
12/06/2024;20.00;24.01;29.80
12/07/2024;19.40;24.97;31.60
12/08/2024;14.50;22.80;32.40
12/09/2024;21.70;27.95;34.40
12/10/2024;22.60;25.96;31.30
12/11/2024;21.00;24.46;30.40
12/12/2024;20.80;25.92;31.00
13/01/2024;22.10;26.41;31.00
13/02/2024;21.80;26.57;32.20
13/03/2024;23.40;25.97;31.50
13/04/2024;21.60;25.50;31.70
13/05/2024;17.30;24.61;32.30
13/06/2024;16.70;22.76;30.60
13/07/2024;17.40;23.20;29.40
13/08/2024;17.10;26.33;32.20
13/09/2024;22.50;28.36;35.00
13/10/2024;24.00;28.66;36.70
13/11/2024;20.80;23.04;26.80
13/12/2024;20.60;25.96;32.10
14/01/2024;21.70;24.05;29.30
14/02/2024;21.10;27.07;32.90
14/03/2024;21.90;24.96;30.90
14/04/2024;21.30;25.69;31.10
14/05/2024;19.60;25.47;33.30
14/06/2024;18.60;23.85;30.80
14/07/2024;14.70;21.65;29.60
14/08/2024;18.20;25.43;33.50
14/09/2024;22.50;28.47;35.10
14/10/2024;24.60;29.00;35.40
14/11/2024;20.90;23.45;28.10
14/12/2024;21.60;24.98;28.80
15/01/2024;20.60;24.53;31.50
15/02/2024;21.80;27.35;34.30
15/03/2024;22.00;26.92;32.70
15/04/2024;21.10;25.33;30.40
15/05/2024;21.20;26.10;32.80
15/06/2024;16.40;23.16;30.40
15/07/2024;16.50;22.01;29.00
15/08/2024;20.40;26.53;33.20
15/09/2024;22.20;28.94;35.80
15/10/2024;20.30;22.46;24.60
15/11/2024;20.70;22.32;25.20
15/12/2024;21.10;23.88;31.30
16/01/2024;20.30;25.71;33.20
16/02/2024;22.70;25.80;31.40
16/03/2024;23.10;27.41;33.00
16/04/2024;22.90;26.40;31.20
16/05/2024;19.30;25.29;32.60
16/06/2024;15.50;22.30;28.60
16/07/2024;16.70;22.75;30.10
16/08/2024;21.80;27.41;34.30
16/09/2024;21.50;28.51;37.00
16/10/2024;21.70;25.64;31.00
16/11/2024;20.70;23.89;29.80
16/12/2024;20.40;23.84;29.60
17/01/2024;21.20;27.57;33.80
17/02/2024;21.60;24.08;28.80
17/03/2024;22.90;26.37;32.40
17/04/2024;22.00;26.71;31.90
17/05/2024;18.20;24.10;30.50
17/06/2024;15.00;21.55;28.70
17/07/2024;17.20;22.70;29.10
17/08/2024;21.30;27.44;33.90
17/09/2024;22.40;29.53;36.80
17/10/2024;21.20;24.93;30.00
17/11/2024;20.80;22.70;26.40
17/12/2024;20.80;23.54;31.10
18/01/2024;21.70;26.50;33.70
18/02/2024;21.80;25.02;29.10
18/03/2024;22.10;27.45;34.50
18/04/2024;23.20;27.04;32.20
18/05/2024;16.80;23.40;30.20
18/06/2024;16.90;22.11;29.20
18/07/2024;16.40;22.79;29.70
18/08/2024;18.30;26.12;34.00
18/09/2024;23.50;29.61;36.40
18/10/2024;20.30;24.94;30.60
18/11/2024;20.90;25.22;31.30
18/12/2024;20.50;25.34;31.30
19/01/2024;20.80;27.23;33.80
19/02/2024;20.80;23.65;27.20
19/03/2024;22.30;25.72;32.20
19/04/2024;22.00;26.04;31.40
19/05/2024;17.10;23.30;30.60
19/06/2024;15.90;22.43;30.70
19/07/2024;15.60;22.73;29.70
19/08/2024;18.20;25.83;33.70
19/09/2024;23.10;29.50;36.00
19/10/2024;20.80;22.89;25.60
19/11/2024;20.60;25.81;30.60
19/12/2024;22.10;25.29;31.10
20/01/2024;20.90;25.77;33.10
20/02/2024;21.40;23.33;25.80
20/03/2024;22.50;25.23;31.70
20/04/2024;22.50;25.93;31.80
20/05/2024;18.20;24.21;31.10
20/06/2024;17.60;23.99;31.40
20/07/2024;15.80;22.54;29.50
20/08/2024;19.20;26.12;34.20
20/09/2024;22.00;28.47;35.60
20/10/2024;20.10;22.57;25.90
20/11/2024;21.50;25.49;30.30
20/12/2024;21.30;26.27;32.80
21/01/2024;22.90;25.81;30.20
21/02/2024;20.50;22.99;27.20
21/03/2024;21.80;23.95;27.30
21/04/2024;21.30;25.28;30.50
21/05/2024;21.10;25.61;31.50
21/06/2024;19.30;23.60;29.60
21/07/2024;14.60;21.93;29.30
21/08/2024;19.00;25.79;33.50
21/09/2024;22.50;29.16;36.40
21/10/2024;21.20;23.36;28.10
21/11/2024;20.90;25.55;30.70
21/12/2024;21.40;25.03;30.00
22/01/2024;21.90;26.11;31.10
22/02/2024;21.60;23.76;27.90
22/03/2024;20.00;24.55;30.90
22/04/2024;21.30;25.15;30.30
22/05/2024;19.50;24.41;31.10
22/06/2024;18.40;23.18;30.20
22/07/2024;16.10;22.06;28.60
22/08/2024;21.20;26.74;34.60
22/09/2024;22.20;29.47;37.70
22/10/2024;20.70;24.59;31.00
22/11/2024;22.50;24.98;30.30
22/12/2024;21.20;24.17;28.90
23/01/2024;22.70;25.32;29.20
23/02/2024;21.20;23.89;27.90
23/03/2024;20.90;23.19;25.80
23/04/2024;21.50;25.66;31.80
23/05/2024;18.80;24.46;30.70
23/06/2024;17.30;22.97;30.50
23/07/2024;16.90;22.39;29.40
23/08/2024;19.60;26.68;34.70
23/09/2024;24.70;30.52;37.80
23/10/2024;20.10;24.02;31.30
23/11/2024;21.90;23.73;27.20
23/12/2024;21.30;23.96;29.90
24/01/2024;22.60;24.48;27.70
24/02/2024;21.40;25.15;31.50
24/03/2024;21.60;25.43;31.30
24/04/2024;21.00;25.78;31.90
24/05/2024;19.00;24.58;31.80
24/06/2024;18.70;23.70;30.50
24/07/2024;15.30;22.56;30.10
24/08/2024;19.10;26.63;34.60
24/09/2024;24.20;30.58;37.60
24/10/2024;21.90;27.99;34.30
24/11/2024;20.80;23.13;27.40
24/12/2024;21.90;24.78;29.90
25/01/2024;21.20;23.96;27.80
25/02/2024;21.00;25.73;32.60
25/03/2024;21.90;23.95;27.00
25/04/2024;20.80;26.37;32.20
25/05/2024;19.90;24.57;30.90
25/06/2024;17.10;23.20;30.30
25/07/2024;15.90;22.84;30.10
25/08/2024;19.00;26.44;33.60
25/09/2024;23.40;30.33;36.90
25/10/2024;23.00;25.29;28.90
25/11/2024;20.90;24.35;30.30
25/12/2024;21.30;24.02;28.50
26/01/2024;21.40;23.12;26.60
26/02/2024;21.30;25.93;31.60
26/03/2024;21.20;23.82;30.00
26/04/2024;21.40;26.47;32.30
26/05/2024;17.00;23.82;30.90
26/06/2024;16.60;22.89;29.70
26/07/2024;16.40;22.72;29.90
26/08/2024;15.90;23.86;32.30
26/09/2024;23.60;29.82;36.00
26/10/2024;23.10;26.38;32.70
26/11/2024;21.80;24.96;30.20
26/12/2024;20.30;23.78;28.10
27/01/2024;21.00;24.27;29.90
27/02/2024;20.20;26.52;32.10
27/03/2024;21.30;22.61;24.20
27/04/2024;21.10;25.80;31.30
27/05/2024;17.40;23.80;31.30
27/06/2024;14.90;22.53;30.90
27/07/2024;15.50;22.82;30.50
27/08/2024;20.30;26.47;34.60
27/09/2024;23.30;29.95;36.80
27/10/2024;23.40;26.90;31.00
27/11/2024;21.70;24.95;28.80
27/12/2024;19.70;22.51;25.00
28/01/2024;21.70;24.58;29.10
28/02/2024;19.00;26.63;33.50
28/03/2024;20.70;22.82;26.80
28/04/2024;21.40;25.98;31.80
28/05/2024;16.70;23.62;30.80
28/06/2024;14.40;22.71;30.80
28/07/2024;16.40;24.34;31.30
28/08/2024;21.40;27.11;33.20
28/09/2024;23.40;29.99;36.90
28/10/2024;22.30;26.61;33.20
28/11/2024;21.20;25.27;30.20
28/12/2024;20.90;24.58;30.50
29/01/2024;22.00;25.19;29.60
29/02/2024;21.80;27.33;34.00
29/03/2024;21.20;25.42;31.70
29/04/2024;22.10;26.41;32.60
29/05/2024;18.90;23.84;30.50
29/06/2024;15.10;22.58;31.30
29/07/2024;18.50;24.92;31.80
29/08/2024;19.90;25.65;31.20
29/09/2024;20.90;27.92;36.00
29/10/2024;20.80;25.02;31.20
29/11/2024;21.60;26.06;31.40
29/12/2024;20.50;24.01;28.60
30/01/2024;20.70;25.00;30.80
30/03/2024;22.50;25.20;30.80
30/04/2024;20.90;26.36;32.50
30/05/2024;18.40;23.69;30.70
30/06/2024;13.90;22.63;32.00
30/07/2024;17.20;25.21;32.60
30/08/2024;19.20;25.38;32.20
30/09/2024;23.10;29.20;35.80
30/10/2024;19.60;24.03;28.20
30/11/2024;21.00;25.77;31.60
30/12/2024;20.90;23.32;29.70
31/01/2024;19.80;24.24;29.50
31/03/2024;21.20;25.95;32.60
31/05/2024;17.70;23.80;30.80
31/07/2024;19.70;26.04;32.70
31/08/2024;19.60;26.07;33.90
31/10/2024;19.70;21.82;24.80
31/12/2024;19.40;22.98;27.50
